# NOP
00 0 0
#LDA G
01 0 5 41
02 0
#LDA H
03 1 5 41
04 1
#LDA X
05 1 0 5 41
06 1 0
#LDA Y
07 2 5 41
08 2
#LDG A
11 7 41
12 0 0
#LDG H
13 1 7 41
14 1
#LDG X
15 1 0 7 41
16 1 0
#LDG Y
17 2 7 41
18 2
#LDH A
21 9 41
22 0 0
#LDH G
23 0 9 41
24 0
#LDH X
25 1 0 9 41
26 1 0
#LDH Y
27 2 9 41
28 2
#LDX A
31 11 41
32 0 0
#LDX G
33 0 11 41
34 0
#LDX H
35 1 11 41
36 1
#LDX Y
37 2 11 41
38 2
#LDY A
41 13 41
42 0 0
#LDY G
43 0 13 41
44 0
#LDY H
45 1 13 41
46 1
#LDY X
47 1 0 13 41
48 1 0
#LDGH PC
39 7 9 41
40 0 0
#LDPC GH
49 3 31 41
4A 3
#LDSP X
09 25 41
#LDX SP
19 12
#LDY S
29 14
#LDM A
60 3 41
61 3 15 41
62 3
#LDM G
70 3 0 41
71 3 0 15 41
72 3 0
#LDM H
80 3 1 41
81 3 1 15 41
82 3 1
#LDM X
90 3 1 0 41
91 3 1 0 15 41
92 3 1 0
#LDM Y
A0 3 2 41
A1 3 2 15 41
A2 3 2
#LDA M
63 3 2 0 41
64 3 2 0 41
65 3 2 0 5 41
66 3 2 0
#LDG M
73 3 2 0 41
74 3 2 0 41
75 3 2 0 7 41
76 3 2 0
#LDH M
83 3 2 0 41
84 3 2 0 41
85 3 2 0 9 41
86 3 2 0
#LDX M
93 3 2 0 41
94 3 2 0 41
95 3 2 0 11 41
96 3 2 0
#LDY M
A3 3 2 0 41
A4 3 2 0 41
A5 3 2 0 13 41
A6 3 2 0
#LDA #
67 2 0 32 41
68 2 0 41
69 2 0 41
6A 2 0 5 41
6B 2 0
#LDG #
77 2 0 32 41
78 2 0 41
79 2 0 41
7A 2 0 7 41
7B 2 0
#LDH #
87 2 0 32 41
88 2 0 41
89 2 0 41
8A 2 0 9 41
8B 2 0
#LDX #
97 2 0 32 41
98 2 0 41
99 2 0 41
9A 2 0 11 41
9B 2 0
#LDY #
A7 2 0 32 41
A8 2 0 41
A9 2 0 41
AA 2 0 13 41
AB 2 0
#PHA
B0 4 26 41
B1 4 41
B2 4 15 41
B3 4
#PHG
C0 4 0 26 41
C1 4 0 41
C2 4 0 15 41
C3 4 0
#PHH
D0 4 1 26 41
D1 4 1 41
D2 4 1 15 41
D3 4 1
#PHX
E0 4 1 0 26 41
E1 4 1 0 41
E2 4 1 0 15 41
E3 4 1 0
#PHY
F0 4 2 26 41
F1 4 2 41
F2 4 2 15 41
F3 4 2
#PPA
B5 4 2 0 27 41
B6 4 2 0 41
B7 4 2 0 41
B8 4 2 0 5 41
B9 4 2 0
#PPG
C5 4 2 0 27 41
C6 4 2 0 41
C7 4 2 0 41
C8 4 2 0 7 41
C9 4 2 0
#PPH
D5 4 2 0 27 41
D6 4 2 0 41
D7 4 2 0 41
D8 4 2 0 9 41
D9 4 2 0
#PPX
E5 4 2 0 27 41
E6 4 2 0 41
E7 4 2 0 41
E8 4 2 0 11 41
E9 4 2 0
#PPY
F5 4 2 0 27 41
F6 4 2 0 41
F7 4 2 0 41
F8 4 2 0 13 41
F9 4 2 0
#ADD
0C 6 16 41
0D 0 0
#SUB
1C 6 16 28 41
1D 28
#AND
2C 6 16 29 41
2D 29
#NND
3C 6 16 29 28 41
3D 29 28
#ORR
4C 6 16 30 41
4D 30
#XOR
5C 6 16 30 28 41
5D 30 28
#STL
6C 6 16 30 29 41
6D 30 29
#STR
7C 6 16 30 29 28 41
7D 30 29 28
#SZF
8E 24
#SNF
AE 23
#SCF
CE 22
#SOF
EE 21
#CZF
9E 20
#CNF
BE 19
#CCF
DE 18
#COF
FE 17
#BZS
0E 39
#BZC
1E 40
#BNS
2E 37
#BNC
3E 38
#BCS
4E 35
#BCC
5E 36
#BOS
6E 33
#BOC
7E 34
