00 0 0
01 0 5 41
02 0
03 1 5 41
04 1
05 1 0 5 41
06 1 0
07 2 5 41
08 2
11 7 41
12 0 0
13 1 7 41
14 1
15 1 0 7 41
16 1 0
17 2 7 41
18 2
21 9 41
22 0 0
23 0 9 41
24 0
25 1 0 9 41
26 1 0
27 2 9 41
28 2
31 11 41
32 0 0
33 0 11 41
34 0
35 1 11 41
36 1
37 2 11 41
38 2
41 13 41
42 0 0
43 0 13 41
44 0
45 1 13 41
46 1
47 1 0 13 41
48 1 0
39 7 9 41
40 0 0
49 3 31 41
4A 3
09 25 41
19 12
29 14
60 3 41
61 3 15 41
62 3
70 3 0 41
71 3 0 15 41
72 3 0
80 3 1 41
81 3 1 15 41
82 3 1
90 3 1 0 41
91 3 1 0 15 41
92 3 1 0
A0 3 2 41
A1 3 2 15 41
A2 3 2
63 3 2 0 41
64 3 2 0 41
65 3 2 0 5 41
66 3 2 0
73 3 2 0 41
74 3 2 0 41
75 3 2 0 7 41
76 3 2 0
83 3 2 0 41
84 3 2 0 41
85 3 2 0 9 41
86 3 2 0
93 3 2 0 41
94 3 2 0 41
95 3 2 0 11 41
96 3 2 0
A3 3 2 0 41
A4 3 2 0 41
A5 3 2 0 13 41
A6 3 2 0
67 2 0 32 41
68 2 0 41
69 2 0 41
6A 2 0 5 41
6B 2 0
77 2 0 32 41
78 2 0 41
79 2 0 41
7A 2 0 7 41
7B 2 0
87 2 0 32 41
88 2 0 41
89 2 0 41
8A 2 0 9 41
8B 2 0
97 2 0 32 41
98 2 0 41
99 2 0 41
9A 2 0 11 41
9B 2 0
A7 2 0 32 41
A8 2 0 41
A9 2 0 41
AA 2 0 13 41
AB 2 0
B0 4 41
B1 4 15 41
B2 4 26 41
B3 4
C0 4 0 41
C1 4 0 15 41
C2 4 0 26 41
C3 4 0
D0 4 1 41
D1 4 1 15 41
D2 4 1 26 41
D3 4 1
E0 4 1 0 41
E1 4 1 0 15 41
E2 4 1 0 26 41
E3 4 1 0
F0 4 2 41
F1 4 2 15 41
F2 4 2 26 41
F3 4 2
B5 4 2 0 41
B6 4 2 0 41
B7 4 2 0 41
B8 4 2 0 5 41
B9 4 2 0 27 41
BA 4 2 0
C5 4 2 0 41
C6 4 2 0 41
C7 4 2 0 41
C8 4 2 0 7 41
C9 4 2 0 27 41
CA 4 2 0
D5 4 2 0 41
D6 4 2 0 41
D7 4 2 0 41
D8 4 2 0 9 41
D9 4 2 0 27 41
DA 4 2 0
E5 4 2 0 41
E6 4 2 0 41
E7 4 2 0 41
E8 4 2 0 11 41
E9 4 2 0 27 41
EA 4 2 0
F5 4 2 0 41
F6 4 2 0 41
F7 4 2 0 41
F8 4 2 0 13 41
F9 4 2 0 27 41
FA 4 2 0
0C 6 16 41
0D 0 0
1C 6 16 28 41
1D 28
2C 6 16 29 41
2D 29
3C 6 16 29 28 41
3D 29 28
4C 6 16 30 41
4D 30
5C 6 16 30 28 41
5D 30 28
6C 6 16 30 29 41
6D 30 29
7C 6 16 30 29 28 41
7D 30 29 28
8E 24
AE 23
CE 22
EE 21
9E 20
BE 19
DE 18
FE 17
0E 39
1E 40
2E 37
3E 38
4E 35
5E 36
6E 33
7E 34
